0.000000 0.000000 0.000000
0.025000 0.025000 0.025000
0.050000 0.050000 0.050000
0.075000 0.075000 0.075000
0.100000 0.100000 0.100000
0.125000 0.125000 0.125000
0.150000 0.150000 0.150000
0.175000 0.175000 0.175000
0.200000 0.200000 0.200000
0.225000 0.225000 0.225000
0.250000 0.250000 0.250000
0.275000 0.275000 0.275000
0.300000 0.300000 0.300000
0.325000 0.325000 0.325000
0.350000 0.350000 0.350000
0.375000 0.375000 0.375000
0.400000 0.400000 0.400000
0.425000 0.425000 0.425000
0.450000 0.450000 0.450000
0.475000 0.475000 0.475000
0.500000 0.500000 0.500000
0.525000 0.525000 0.525000
0.550000 0.550000 0.550000
0.575000 0.575000 0.575000
0.600000 0.600000 0.600000
0.625000 0.625000 0.625000
0.650000 0.650000 0.650000
0.675000 0.675000 0.675000
0.700000 0.700000 0.700000
0.725000 0.725000 0.725000
0.750000 0.750000 0.750000
0.775000 0.775000 0.775000
0.800000 0.800000 0.800000
0.825000 0.825000 0.825000
0.850000 0.850000 0.850000
0.875000 0.875000 0.875000
0.900000 0.900000 0.900000
0.925000 0.925000 0.925000
0.950000 0.950000 0.950000
0.975000 0.975000 0.975000
1.791762 1.488935 1.494853
1.442388 1.954136 1.294495
1.445699 1.818605 1.535122
1.374767 1.831484 1.575835
1.033645 1.843262 1.357091
1.012548 1.531120 1.183787
1.961920 1.372353 1.422254
1.132932 1.268386 1.735354
1.476510 1.577228 0.978375
1.331556 1.200427 1.736672
1.638397 1.145452 1.878560
1.462642 1.854729 1.683522
1.152471 1.478385 1.441386
1.720188 1.012815 1.722272
1.805902 1.764161 1.558264
1.310806 1.869835 1.229199
1.142601 1.141555 1.877567
1.236266 1.764564 1.580315
1.074790 1.329277 0.991020
1.378891 1.094281 1.202398
1.516004 1.748652 1.183519
1.408417 1.928332 1.865396
1.690528 1.405706 1.960278
1.533241 1.461741 1.529669
1.649377 1.567710 1.406786
1.805020 1.505733 1.531939
1.570966 1.861636 1.881848
1.880392 1.705463 1.959711
1.796867 1.156494 1.404803
1.370410 1.425919 1.948423
1.235134 1.442919 1.919178
1.376479 1.315556 1.225766
1.439684 1.833690 1.245534
1.178309 1.634278 1.305163
1.847138 1.556953 1.272393
1.191349 1.971480 1.750815
1.924360 1.053832 1.350637
1.567113 1.275605 1.514385
1.015154 1.540912 1.766920
1.057776 1.399702 1.126319
1.714383 1.926463 1.514273
1.816191 1.643977 1.659754
1.382034 1.798974 1.297470
1.024949 1.883509 1.267631
1.665966 1.144145 1.940934
1.766192 1.376092 1.545244
1.719791 1.018246 1.416375
1.441351 1.325092 1.755350
1.139421 1.773225 1.750742
1.293168 1.206262 0.978518
1.538992 1.290814 1.409462
1.859207 1.299299 1.495821
1.676595 1.236137 1.775015
1.560336 1.127691 1.410768
1.488495 1.034315 1.088859
1.527296 1.030385 1.348314
1.917582 1.223705 1.013566
1.516674 1.424206 1.133161
1.478173 1.373365 1.512834
1.510120 1.116000 1.378354
1.432778 1.352884 1.444402
1.275101 1.726624 1.511628
1.817213 1.235448 1.692549
1.797443 1.430967 1.575691
1.553113 0.982828 0.998499
1.501155 1.743318 1.543892
1.561169 1.107390 1.121372
0.979024 1.598688 1.285770
1.499169 1.532007 1.827573
1.247790 1.201724 1.537440
1.699253 1.449240 1.971463
1.576708 1.869659 1.030218
1.478420 1.123725 1.750671
1.773987 1.015817 1.882166
1.734990 1.561806 1.075644
1.905058 1.749446 1.811026
1.127083 1.394462 1.116941
1.331043 1.884509 0.998080
1.641914 1.334233 1.751450
1.162449 1.783252 1.751332
