0.009196 0.640733 0.282350
0.186363 0.950945 0.743235
0.944943 0.364594 0.282420
0.421461 0.136396 0.669243
0.698380 0.933181 0.776395
0.490811 0.351868 0.940613
0.930967 0.172038 0.667862
0.193007 0.122773 0.046565
0.102754 0.949758 0.961634
0.055502 0.998868 0.254022
0.531899 0.093885 0.484196
0.201776 0.938619 0.196078
0.679743 0.385673 0.916100
0.732722 0.292538 0.238679
0.951297 0.988901 0.628085
0.855544 0.596963 0.408734
0.122228 0.746676 0.600082
0.474792 0.290996 0.781966
0.176436 0.385315 0.619143
0.675297 0.396240 0.812016
0.826247 0.207009 0.852340
0.036938 0.023164 0.579257
0.101390 0.196619 0.778628
0.534645 0.885992 0.517209
0.092632 0.008424 0.036204
0.242410 0.290561 0.859130
0.547379 0.397389 0.089773
0.022586 0.444139 0.177758
0.896167 0.000583 0.044740
0.313829 0.083815 0.155661
0.779914 0.774653 0.047675
0.570810 0.685026 0.568271
0.486864 0.368433 0.197338
0.400841 0.007997 0.735171
0.608075 0.509395 0.373038
0.247694 0.418976 0.295613
0.773414 0.836395 0.162583
0.483866 0.727403 0.919087
0.088635 0.965040 0.701259
0.204809 0.204736 0.030180
0.668205 0.892981 0.773460
0.162265 0.544428 0.844493
0.125929 0.311866 0.752233
0.822445 0.889802 0.339747
0.953447 0.139197 0.356476
0.195944 0.019265 0.254872
0.773921 0.530209 0.307859
0.023053 0.118864 0.301656
0.798676 0.968297 0.800541
0.409601 0.956268 0.121273
0.763833 0.168841 0.935373
0.409389 0.589516 0.891136
0.279169 0.590080 0.881420
0.436944 0.530687 0.179807
0.215428 0.676532 0.262983
0.505198 0.201749 0.160884
0.176583 0.226335 0.575101
0.294603 0.814537 0.543027
0.858450 0.508867 0.091814
0.434529 0.476407 0.805573
0.689700 0.064783 0.366914
0.200651 0.042192 0.219376
0.665859 0.285264 0.184031
0.716432 0.312702 0.526520
0.945527 0.622961 0.252485
0.833914 0.170767 0.083653
0.659877 0.909125 0.778790
0.723403 0.556919 0.771643
0.384913 0.061098 0.555355
0.476887 0.511664 0.377654
0.763094 0.819956 0.502135
0.583762 0.122206 0.748936
0.784754 0.219239 0.740308
0.705146 0.930938 0.217392
0.039822 0.484976 0.620376
0.458150 0.442236 0.711706
0.127786 0.804689 0.522346
0.090150 0.442827 0.010585
0.134499 0.316986 0.682088
0.356360 0.577860 0.493931
0.562885 0.702594 0.087088
0.092632 0.065096 0.678376
0.392804 0.322461 0.606282
0.259110 0.804341 0.306873
0.448290 0.357076 0.688986
0.237317 0.944774 0.071585
0.208778 0.327942 0.471614
0.290129 0.528655 0.348913
0.484765 0.220686 0.143436
0.474904 0.868653 0.740226
0.438786 0.402529 0.694370
0.773874 0.239269 0.640130
0.978667 0.261073 0.733705
0.585591 0.407047 0.560062
0.517299 0.611236 0.525091
0.213129 0.378074 0.199597
0.373407 0.359024 0.206996
0.061870 0.547312 0.669749
0.582681 0.712868 0.619973
0.438537 0.387373 0.791353
0.200767 0.069771 0.261357
0.221627 0.192395 0.914857
0.117920 0.049923 0.305292
0.689216 0.026537 0.771178
0.116010 0.728398 0.994725
0.949608 0.731574 0.770760
0.725164 0.163788 0.118150
0.610494 0.243430 0.565961
0.646042 0.007185 0.390138
0.907794 0.393037 0.420164
0.603654 0.610967 0.767052
0.716664 0.598394 0.303185
0.249787 0.671859 0.228741
0.364606 0.663388 0.356967
0.973114 0.320420 0.218961
0.887691 0.941355 0.214576
0.773401 0.213068 0.159389
0.310269 0.129297 0.546043
0.618693 0.506265 0.191595
0.977721 0.403611 0.389196
